0.000004
0.000007
0.000011
0.000015
0.000018
0.000022
0.000025
0.000028
0.000031
0.000034
0.000037
0.000039
0.000041
0.000042
0.000044
0.000045
0.000045
0.000045
0.000045
0.000044
0.000043
0.000041
0.000039
0.000037
0.000034
0.000031
0.000028
0.000024
0.000020
0.000016
0.000012
0.000007
0.000003
-0.000002
-0.000007
-0.000012
-0.000016
-0.000021
-0.000026
-0.000030
-0.000034
-0.000038
-0.000042
-0.000045
-0.000048
-0.000051
-0.000053
-0.000055
-0.000056
-0.000057
-0.000057
-0.000057
-0.000056
-0.000055
-0.000053
-0.000051
-0.000049
-0.000045
-0.000042
-0.000038
-0.000033
-0.000029
-0.000023
-0.000018
-0.000013
-0.000007
-0.000001
0.000005
0.000011
0.000017
0.000023
0.000029
0.000034
0.000040
0.000045
0.000049
0.000054
0.000057
0.000061
0.000064
0.000066
0.000068
0.000069
0.000070
0.000070
0.000069
0.000068
0.000066
0.000064
0.000061
0.000057
0.000053
0.000048
0.000043
0.000038
0.000032
0.000025
0.000019
0.000012
0.000005
-0.000002
-0.000009
-0.000016
-0.000023
-0.000030
-0.000037
-0.000043
-0.000049
-0.000055
-0.000060
-0.000065
-0.000069
-0.000073
-0.000076
-0.000078
-0.000080
-0.000081
-0.000081
-0.000081
-0.000080
-0.000078
-0.000075
-0.000072
-0.000068
-0.000064
-0.000059
-0.000053
-0.000047
-0.000040
-0.000033
-0.000026
-0.000018
-0.000010
-0.000002
0.000006
0.000014
0.000022
0.000029
0.000037
0.000044
0.000051
0.000058
0.000064
0.000069
0.000074
0.000078
0.000082
0.000085
0.000087
0.000088
0.000089
0.000088
0.000087
0.000086
0.000083
0.000080
0.000076
0.000071
0.000066
0.000060
0.000054
0.000047
0.000039
0.000032
0.000024
0.000016
0.000007
-0.000001
-0.000009
-0.000018
-0.000026
-0.000034
-0.000041
-0.000048
-0.000055
-0.000061
-0.000067
-0.000072
-0.000077
-0.000080
-0.000083
-0.000086
-0.000087
-0.000088
-0.000088
-0.000087
-0.000085
-0.000083
-0.000080
-0.000076
-0.000072
-0.000067
-0.000061
-0.000055
-0.000048
-0.000041
-0.000034
-0.000027
-0.000019
-0.000011
-0.000003
0.000004
0.000012
0.000019
0.000027
0.000033
0.000040
0.000046
0.000052
0.000057
0.000061
0.000065
0.000068
0.000071
0.000073
0.000074
0.000074
0.000074
0.000073
0.000072
0.000070
0.000067
0.000064
0.000060
0.000056
0.000051
0.000046
0.000041
0.000035
0.000029
0.000024
0.000018
0.000012
0.000006
0.000000
-0.000005
-0.000011
-0.000016
-0.000021
-0.000025
-0.000029
-0.000033
-0.000036
-0.000038
-0.000040
-0.000042
-0.000043
-0.000044
-0.000044
-0.000044
-0.000043
-0.000042
-0.000040
-0.000038
-0.000036
-0.000034
-0.000031
-0.000028
-0.000025
-0.000022
-0.000019
-0.000016
-0.000013
-0.000011
-0.000008
-0.000005
-0.000003
-0.000001
0.000001
0.000002
0.000003
0.000004
0.000004
0.000004
0.000004
0.000004
0.000003
0.000002
0.000000
-0.000001
-0.000003
-0.000005
-0.000007
-0.000009
-0.000011
-0.000013
-0.000014
-0.000016
-0.000018
-0.000019
-0.000020
-0.000020
-0.000020
-0.000020
-0.000019
-0.000018
-0.000016
-0.000014
-0.000012
-0.000008
-0.000005
-0.000001
0.000004
0.000009
0.000014
0.000020
0.000025
0.000031
0.000037
0.000044
0.000050
0.000056
0.000062
0.000067
0.000072
0.000077
0.000081
0.000085
0.000088
0.000090
0.000091
0.000092
0.000092
0.000090
0.000088
0.000084
0.000080
0.000074
0.000068
0.000060
0.000052
0.000042
0.000032
0.000021
0.000009
-0.000003
-0.000016
-0.000030
-0.000043
-0.000057
-0.000071
-0.000084
-0.000098
-0.000111
-0.000123
-0.000135
-0.000146
-0.000156
-0.000165
-0.000172
-0.000178
-0.000183
-0.000186
-0.000188
-0.000188
-0.000186
-0.000182
-0.000177
-0.000169
-0.000160
-0.000149
-0.000136
-0.000122
-0.000106
-0.000089
-0.000070
-0.000050
-0.000029
-0.000007
0.000016
0.000039
0.000062
0.000085
0.000109
0.000132
0.000154
0.000175
0.000196
0.000215
0.000232
0.000248
0.000263
0.000275
0.000284
0.000292
0.000297
0.000299
0.000299
0.000296
0.000290
0.000282
0.000271
0.000257
0.000240
0.000221
0.000199
0.000176
0.000150
0.000122
0.000092
0.000061
0.000029
-0.000004
-0.000037
-0.000071
-0.000105
-0.000139
-0.000172
-0.000204
-0.000235
-0.000265
-0.000292
-0.000318
-0.000341
-0.000361
-0.000378
-0.000393
-0.000404
-0.000411
-0.000415
-0.000416
-0.000412
-0.000405
-0.000394
-0.000380
-0.000362
-0.000340
-0.000315
-0.000287
-0.000255
-0.000221
-0.000185
-0.000146
-0.000105
-0.000063
-0.000020
0.000024
0.000068
0.000113
0.000157
0.000200
0.000242
0.000282
0.000321
0.000357
0.000390
0.000420
0.000447
0.000470
0.000489
0.000504
0.000515
0.000521
0.000523
0.000520
0.000512
0.000500
0.000483
0.000462
0.000437
0.000407
0.000373
0.000336
0.000295
0.000252
0.000205
0.000157
0.000106
0.000054
0.000002
-0.000051
-0.000105
-0.000157
-0.000209
-0.000259
-0.000308
-0.000354
-0.000397
-0.000437
-0.000474
-0.000506
-0.000534
-0.000558
-0.000577
-0.000591
-0.000600
-0.000603
-0.000601
-0.000594
-0.000582
-0.000564
-0.000541
-0.000514
-0.000481
-0.000444
-0.000403
-0.000359
-0.000311
-0.000260
-0.000206
-0.000151
-0.000094
-0.000036
0.000023
0.000082
0.000140
0.000197
0.000252
0.000306
0.000356
0.000404
0.000448
0.000489
0.000525
0.000557
0.000583
0.000605
0.000621
0.000632
0.000637
0.000636
0.000630
0.000619
0.000602
0.000579
0.000552
0.000519
0.000482
0.000441
0.000396
0.000347
0.000296
0.000242
0.000186
0.000128
0.000070
0.000011
-0.000048
-0.000107
-0.000164
-0.000219
-0.000273
-0.000324
-0.000371
-0.000416
-0.000456
-0.000492
-0.000524
-0.000551
-0.000572
-0.000589
-0.000600
-0.000606
-0.000606
-0.000601
-0.000591
-0.000576
-0.000555
-0.000530
-0.000501
-0.000467
-0.000429
-0.000388
-0.000344
-0.000297
-0.000248
-0.000197
-0.000145
-0.000093
-0.000040
0.000013
0.000065
0.000115
0.000164
0.000211
0.000255
0.000297
0.000335
0.000370
0.000400
0.000427
0.000450
0.000468
0.000481
0.000490
0.000494
0.000494
0.000490
0.000481
0.000468
0.000451
0.000430
0.000406
0.000378
0.000348
0.000315
0.000281
0.000244
0.000206
0.000168
0.000129
0.000089
0.000051
0.000012
-0.000025
-0.000061
-0.000095
-0.000127
-0.000156
-0.000184
-0.000208
-0.000230
-0.000248
-0.000263
-0.000275
-0.000284
-0.000290
-0.000293
-0.000292
-0.000289
-0.000283
-0.000274
-0.000263
-0.000249
-0.000234
-0.000218
-0.000200
-0.000181
-0.000161
-0.000141
-0.000120
-0.000100
-0.000081
-0.000062
-0.000044
-0.000027
-0.000012
0.000001
0.000013
0.000023
0.000031
0.000037
0.000041
0.000042
0.000042
0.000040
0.000036
0.000031
0.000024
0.000016
0.000006
-0.000004
-0.000014
-0.000025
-0.000036
-0.000047
-0.000057
-0.000066
-0.000074
-0.000081
-0.000086
-0.000089
-0.000091
-0.000089
-0.000086
-0.000080
-0.000071
-0.000060
-0.000046
-0.000029
-0.000010
0.000012
0.000035
0.000061
0.000089
0.000118
0.000148
0.000179
0.000211
0.000243
0.000274
0.000305
0.000334
0.000362
0.000388
0.000411
0.000431
0.000448
0.000461
0.000470
0.000474
0.000474
0.000469
0.000458
0.000442
0.000421
0.000394
0.000362
0.000325
0.000283
0.000235
0.000183
0.000127
0.000067
0.000003
-0.000063
-0.000132
-0.000203
-0.000274
-0.000346
-0.000418
-0.000488
-0.000557
-0.000623
-0.000685
-0.000744
-0.000797
-0.000845
-0.000887
-0.000922
-0.000949
-0.000968
-0.000979
-0.000981
-0.000974
-0.000958
-0.000932
-0.000896
-0.000851
-0.000797
-0.000733
-0.000661
-0.000580
-0.000492
-0.000396
-0.000293
-0.000185
-0.000072
0.000044
0.000164
0.000286
0.000408
0.000530
0.000651
0.000768
0.000882
0.000991
0.001094
0.001189
0.001276
0.001353
0.001420
0.001475
0.001519
0.001550
0.001567
0.001570
0.001560
0.001534
0.001495
0.001441
0.001372
0.001289
0.001193
0.001084
0.000963
0.000830
0.000687
0.000535
0.000374
0.000207
0.000034
-0.000142
-0.000321
-0.000501
-0.000679
-0.000856
-0.001028
-0.001194
-0.001353
-0.001502
-0.001641
-0.001768
-0.001881
-0.001980
-0.002062
-0.002128
-0.002175
-0.002204
-0.002214
-0.002204
-0.002174
-0.002124
-0.002054
-0.001965
-0.001856
-0.001729
-0.001584
-0.001422
-0.001245
-0.001054
-0.000851
-0.000636
-0.000413
-0.000182
0.000055
0.000294
0.000535
0.000774
0.001011
0.001242
0.001465
0.001679
0.001881
0.002069
0.002241
0.002396
0.002532
0.002647
0.002740
0.002810
0.002856
0.002878
0.002874
0.002844
0.002788
0.002707
0.002601
0.002470
0.002316
0.002139
0.001940
0.001722
0.001485
0.001233
0.000966
0.000687
0.000398
0.000103
-0.000197
-0.000499
-0.000800
-0.001098
-0.001389
-0.001672
-0.001943
-0.002200
-0.002440
-0.002662
-0.002862
-0.003040
-0.003192
-0.003317
-0.003415
-0.003483
-0.003522
-0.003529
-0.003505
-0.003450
-0.003364
-0.003247
-0.003100
-0.002924
-0.002720
-0.002490
-0.002236
-0.001960
-0.001663
-0.001349
-0.001020
-0.000678
-0.000328
0.000029
0.000389
0.000749
0.001106
0.001456
0.001796
0.002124
0.002436
0.002729
0.003000
0.003247
0.003468
0.003660
0.003821
0.003950
0.004044
0.004104
0.004129
0.004116
0.004068
0.003983
0.003862
0.003706
0.003516
0.003294
0.003041
0.002759
0.002451
0.002118
0.001765
0.001393
0.001007
0.000608
0.000202
-0.000209
-0.000621
-0.001031
-0.001434
-0.001827
-0.002207
-0.002570
-0.002912
-0.003231
-0.003524
-0.003787
-0.004019
-0.004216
-0.004378
-0.004502
-0.004587
-0.004632
-0.004637
-0.004600
-0.004523
-0.004406
-0.004249
-0.004054
-0.003822
-0.003555
-0.003255
-0.002925
-0.002568
-0.002186
-0.001783
-0.001362
-0.000927
-0.000482
-0.000030
0.000424
0.000877
0.001324
0.001762
0.002186
0.002592
0.002978
0.003339
0.003672
0.003975
0.004244
0.004476
0.004670
0.004824
0.004936
0.005005
0.005030
0.005011
0.004948
0.004841
0.004691
0.004499
0.004267
0.003997
0.003690
0.003350
0.002980
0.002582
0.002160
0.001718
0.001259
0.000788
0.000309
-0.000175
-0.000658
-0.001137
-0.001607
-0.002064
-0.002504
-0.002924
-0.003319
-0.003685
-0.004020
-0.004321
-0.004584
-0.004807
-0.004989
-0.005127
-0.005220
-0.005268
-0.005270
-0.005225
-0.005134
-0.004998
-0.004818
-0.004595
-0.004332
-0.004030
-0.003692
-0.003321
-0.002921
-0.002494
-0.002045
-0.001578
-0.001096
-0.000604
-0.000106
0.000393
0.000889
0.001378
0.001855
0.002316
0.002757
0.003174
0.003564
0.003922
0.004246
0.004533
0.004781
0.004986
0.005148
0.005264
0.005335
0.005358
0.005335
0.005264
0.005148
0.004986
0.004781
0.004533
0.004246
0.003922
0.003564
0.003174
0.002757
0.002316
0.001855
0.001378
0.000889
0.000393
-0.000106
-0.000604
-0.001096
-0.001578
-0.002045
-0.002494
-0.002921
-0.003321
-0.003692
-0.004030
-0.004332
-0.004595
-0.004818
-0.004998
-0.005134
-0.005225
-0.005270
-0.005268
-0.005220
-0.005127
-0.004989
-0.004807
-0.004584
-0.004321
-0.004020
-0.003685
-0.003319
-0.002924
-0.002504
-0.002064
-0.001607
-0.001137
-0.000658
-0.000175
0.000309
0.000788
0.001259
0.001718
0.002160
0.002582
0.002980
0.003350
0.003690
0.003997
0.004267
0.004499
0.004691
0.004841
0.004948
0.005011
0.005030
0.005005
0.004936
0.004824
0.004670
0.004476
0.004244
0.003975
0.003672
0.003339
0.002978
0.002592
0.002186
0.001762
0.001324
0.000877
0.000424
-0.000030
-0.000482
-0.000927
-0.001362
-0.001783
-0.002186
-0.002568
-0.002925
-0.003255
-0.003555
-0.003822
-0.004054
-0.004249
-0.004406
-0.004523
-0.004600
-0.004637
-0.004632
-0.004587
-0.004502
-0.004378
-0.004216
-0.004019
-0.003787
-0.003524
-0.003231
-0.002912
-0.002570
-0.002207
-0.001827
-0.001434
-0.001031
-0.000621
-0.000209
0.000202
0.000608
0.001007
0.001393
0.001765
0.002118
0.002451
0.002759
0.003041
0.003294
0.003516
0.003706
0.003862
0.003983
0.004068
0.004116
0.004129
0.004104
0.004044
0.003950
0.003821
0.003660
0.003468
0.003247
0.003000
0.002729
0.002436
0.002124
0.001796
0.001456
0.001106
0.000749
0.000389
0.000029
-0.000328
-0.000678
-0.001020
-0.001349
-0.001663
-0.001960
-0.002236
-0.002490
-0.002720
-0.002924
-0.003100
-0.003247
-0.003364
-0.003450
-0.003505
-0.003529
-0.003522
-0.003483
-0.003415
-0.003317
-0.003192
-0.003040
-0.002862
-0.002662
-0.002440
-0.002200
-0.001943
-0.001672
-0.001389
-0.001098
-0.000800
-0.000499
-0.000197
0.000103
0.000398
0.000687
0.000966
0.001233
0.001485
0.001722
0.001940
0.002139
0.002316
0.002470
0.002601
0.002707
0.002788
0.002844
0.002874
0.002878
0.002856
0.002810
0.002740
0.002647
0.002532
0.002396
0.002241
0.002069
0.001881
0.001679
0.001465
0.001242
0.001011
0.000774
0.000535
0.000294
0.000055
-0.000182
-0.000413
-0.000636
-0.000851
-0.001054
-0.001245
-0.001422
-0.001584
-0.001729
-0.001856
-0.001965
-0.002054
-0.002124
-0.002174
-0.002204
-0.002214
-0.002204
-0.002175
-0.002128
-0.002062
-0.001980
-0.001881
-0.001768
-0.001641
-0.001502
-0.001353
-0.001194
-0.001028
-0.000856
-0.000679
-0.000501
-0.000321
-0.000142
0.000034
0.000207
0.000374
0.000535
0.000687
0.000830
0.000963
0.001084
0.001193
0.001289
0.001372
0.001441
0.001495
0.001534
0.001560
0.001570
0.001567
0.001550
0.001519
0.001475
0.001420
0.001353
0.001276
0.001189
0.001094
0.000991
0.000882
0.000768
0.000651
0.000530
0.000408
0.000286
0.000164
0.000044
-0.000072
-0.000185
-0.000293
-0.000396
-0.000492
-0.000580
-0.000661
-0.000733
-0.000797
-0.000851
-0.000896
-0.000932
-0.000958
-0.000974
-0.000981
-0.000979
-0.000968
-0.000949
-0.000922
-0.000887
-0.000845
-0.000797
-0.000744
-0.000685
-0.000623
-0.000557
-0.000488
-0.000418
-0.000346
-0.000274
-0.000203
-0.000132
-0.000063
0.000003
0.000067
0.000127
0.000183
0.000235
0.000283
0.000325
0.000362
0.000394
0.000421
0.000442
0.000458
0.000469
0.000474
0.000474
0.000470
0.000461
0.000448
0.000431
0.000411
0.000388
0.000362
0.000334
0.000305
0.000274
0.000243
0.000211
0.000179
0.000148
0.000118
0.000089
0.000061
0.000035
0.000012
-0.000010
-0.000029
-0.000046
-0.000060
-0.000071
-0.000080
-0.000086
-0.000089
-0.000091
-0.000089
-0.000086
-0.000081
-0.000074
-0.000066
-0.000057
-0.000047
-0.000036
-0.000025
-0.000014
-0.000004
0.000006
0.000016
0.000024
0.000031
0.000036
0.000040
0.000042
0.000042
0.000041
0.000037
0.000031
0.000023
0.000013
0.000001
-0.000012
-0.000027
-0.000044
-0.000062
-0.000081
-0.000100
-0.000120
-0.000141
-0.000161
-0.000181
-0.000200
-0.000218
-0.000234
-0.000249
-0.000263
-0.000274
-0.000283
-0.000289
-0.000292
-0.000293
-0.000290
-0.000284
-0.000275
-0.000263
-0.000248
-0.000230
-0.000208
-0.000184
-0.000156
-0.000127
-0.000095
-0.000061
-0.000025
0.000012
0.000051
0.000089
0.000129
0.000168
0.000206
0.000244
0.000281
0.000315
0.000348
0.000378
0.000406
0.000430
0.000451
0.000468
0.000481
0.000490
0.000494
0.000494
0.000490
0.000481
0.000468
0.000450
0.000427
0.000400
0.000370
0.000335
0.000297
0.000255
0.000211
0.000164
0.000115
0.000065
0.000013
-0.000040
-0.000093
-0.000145
-0.000197
-0.000248
-0.000297
-0.000344
-0.000388
-0.000429
-0.000467
-0.000501
-0.000530
-0.000555
-0.000576
-0.000591
-0.000601
-0.000606
-0.000606
-0.000600
-0.000589
-0.000572
-0.000551
-0.000524
-0.000492
-0.000456
-0.000416
-0.000371
-0.000324
-0.000273
-0.000219
-0.000164
-0.000107
-0.000048
0.000011
0.000070
0.000128
0.000186
0.000242
0.000296
0.000347
0.000396
0.000441
0.000482
0.000519
0.000552
0.000579
0.000602
0.000619
0.000630
0.000636
0.000637
0.000632
0.000621
0.000605
0.000583
0.000557
0.000525
0.000489
0.000448
0.000404
0.000356
0.000306
0.000252
0.000197
0.000140
0.000082
0.000023
-0.000036
-0.000094
-0.000151
-0.000206
-0.000260
-0.000311
-0.000359
-0.000403
-0.000444
-0.000481
-0.000514
-0.000541
-0.000564
-0.000582
-0.000594
-0.000601
-0.000603
-0.000600
-0.000591
-0.000577
-0.000558
-0.000534
-0.000506
-0.000474
-0.000437
-0.000397
-0.000354
-0.000308
-0.000259
-0.000209
-0.000157
-0.000105
-0.000051
0.000002
0.000054
0.000106
0.000157
0.000205
0.000252
0.000295
0.000336
0.000373
0.000407
0.000437
0.000462
0.000483
0.000500
0.000512
0.000520
0.000523
0.000521
0.000515
0.000504
0.000489
0.000470
0.000447
0.000420
0.000390
0.000357
0.000321
0.000282
0.000242
0.000200
0.000157
0.000113
0.000068
0.000024
-0.000020
-0.000063
-0.000105
-0.000146
-0.000185
-0.000221
-0.000255
-0.000287
-0.000315
-0.000340
-0.000362
-0.000380
-0.000394
-0.000405
-0.000412
-0.000416
-0.000415
-0.000411
-0.000404
-0.000393
-0.000378
-0.000361
-0.000341
-0.000318
-0.000292
-0.000265
-0.000235
-0.000204
-0.000172
-0.000139
-0.000105
-0.000071
-0.000037
-0.000004
0.000029
0.000061
0.000092
0.000122
0.000150
0.000176
0.000199
0.000221
0.000240
0.000257
0.000271
0.000282
0.000290
0.000296
0.000299
0.000299
0.000297
0.000292
0.000284
0.000275
0.000263
0.000248
0.000232
0.000215
0.000196
0.000175
0.000154
0.000132
0.000109
0.000085
0.000062
0.000039
0.000016
-0.000007
-0.000029
-0.000050
-0.000070
-0.000089
-0.000106
-0.000122
-0.000136
-0.000149
-0.000160
-0.000169
-0.000177
-0.000182
-0.000186
-0.000188
-0.000188
-0.000186
-0.000183
-0.000178
-0.000172
-0.000165
-0.000156
-0.000146
-0.000135
-0.000123
-0.000111
-0.000098
-0.000084
-0.000071
-0.000057
-0.000043
-0.000030
-0.000016
-0.000003
0.000009
0.000021
0.000032
0.000042
0.000052
0.000060
0.000068
0.000074
0.000080
0.000084
0.000088
0.000090
0.000092
0.000092
0.000091
0.000090
0.000088
0.000085
0.000081
0.000077
0.000072
0.000067
0.000062
0.000056
0.000050
0.000044
0.000037
0.000031
0.000025
0.000020
0.000014
0.000009
0.000004
-0.000001
-0.000005
-0.000008
-0.000012
-0.000014
-0.000016
-0.000018
-0.000019
-0.000020
-0.000020
-0.000020
-0.000020
-0.000019
-0.000018
-0.000016
-0.000014
-0.000013
-0.000011
-0.000009
-0.000007
-0.000005
-0.000003
-0.000001
0.000000
0.000002
0.000003
0.000004
0.000004
0.000004
0.000004
0.000004
0.000003
0.000002
0.000001
-0.000001
-0.000003
-0.000005
-0.000008
-0.000011
-0.000013
-0.000016
-0.000019
-0.000022
-0.000025
-0.000028
-0.000031
-0.000034
-0.000036
-0.000038
-0.000040
-0.000042
-0.000043
-0.000044
-0.000044
-0.000044
-0.000043
-0.000042
-0.000040
-0.000038
-0.000036
-0.000033
-0.000029
-0.000025
-0.000021
-0.000016
-0.000011
-0.000005
0.000000
0.000006
0.000012
0.000018
0.000024
0.000029
0.000035
0.000041
0.000046
0.000051
0.000056
0.000060
0.000064
0.000067
0.000070
0.000072
0.000073
0.000074
0.000074
0.000074
0.000073
0.000071
0.000068
0.000065
0.000061
0.000057
0.000052
0.000046
0.000040
0.000033
0.000027
0.000019
0.000012
0.000004
-0.000003
-0.000011
-0.000019
-0.000027
-0.000034
-0.000041
-0.000048
-0.000055
-0.000061
-0.000067
-0.000072
-0.000076
-0.000080
-0.000083
-0.000085
-0.000087
-0.000088
-0.000088
-0.000087
-0.000086
-0.000083
-0.000080
-0.000077
-0.000072
-0.000067
-0.000061
-0.000055
-0.000048
-0.000041
-0.000034
-0.000026
-0.000018
-0.000009
-0.000001
0.000007
0.000016
0.000024
0.000032
0.000039
0.000047
0.000054
0.000060
0.000066
0.000071
0.000076
0.000080
0.000083
0.000086
0.000087
0.000088
0.000089
0.000088
0.000087
0.000085
0.000082
0.000078
0.000074
0.000069
0.000064
0.000058
0.000051
0.000044
0.000037
0.000029
0.000022
0.000014
0.000006
-0.000002
-0.000010
-0.000018
-0.000026
-0.000033
-0.000040
-0.000047
-0.000053
-0.000059
-0.000064
-0.000068
-0.000072
-0.000075
-0.000078
-0.000080
-0.000081
-0.000081
-0.000081
-0.000080
-0.000078
-0.000076
-0.000073
-0.000069
-0.000065
-0.000060
-0.000055
-0.000049
-0.000043
-0.000037
-0.000030
-0.000023
-0.000016
-0.000009
-0.000002
0.000005
0.000012
0.000019
0.000025
0.000032
0.000038
0.000043
0.000048
0.000053
0.000057
0.000061
0.000064
0.000066
0.000068
0.000069
0.000070
0.000070
0.000069
0.000068
0.000066
0.000064
0.000061
0.000057
0.000054
0.000049
0.000045
0.000040
0.000034
0.000029
0.000023
0.000017
0.000011
0.000005
-0.000001
-0.000007
-0.000013
-0.000018
-0.000023
-0.000029
-0.000033
-0.000038
-0.000042
-0.000045
-0.000049
-0.000051
-0.000053
-0.000055
-0.000056
-0.000057
-0.000057
-0.000057
-0.000056
-0.000055
-0.000053
-0.000051
-0.000048
-0.000045
-0.000042
-0.000038
-0.000034
-0.000030
-0.000026
-0.000021
-0.000016
-0.000012
-0.000007
-0.000002
0.000003
0.000007
0.000012
0.000016
0.000020
0.000024
0.000028
0.000031
0.000034
0.000037
0.000039
0.000041
0.000043
0.000044
0.000045
0.000045
0.000045
0.000045
0.000044
0.000042
0.000041
0.000039
0.000037
0.000034
0.000031
0.000028
0.000025
0.000022
0.000018
0.000015
0.000011
0.000007
0.000004
